1442.4
1434.75
1427.93
1412.8
1377.12
1363.99
1406.94
1415.92
1432.25
1394.68
1393.87
1391.06
1400.19
1457.4
1486.33
1485.07
1493.8
1469.44
1475.3
1465.69
1442.13
1466.03
1461.68
1421.96
1444.42
1392.32
1381.17
1340.62
1317.01
1341.27
1331.02
1295.38
1288.09
1264.2
1263.9
1307.83
1297.6
1323.19
1293.58
1278.87
1282.27
1269.72
1252.5
1223.5
1191.64
1191.6
1219.56
1203.52
1164.47
1175.25
1216.06
1198.08
1225.78
1184.72
1192.38
1179.49
1137.83
1143.75
1127.91
1122.32
1162.73
1187.21
1185.77
1174.28
1185.24
1179.3
1186.37
1176.18
1161.44
1128.75
1122.86
1120.03
1106.71
1118.78
1081.34
1058.01
1075.69
1088.3
1115.26
1113.25
1148.09
1116.67
1110.94
1122.45
1128.38
1138.89
1158.99
1142.38
1176.53
1180.51
1155.96
1155.64
1088.62
1104.76
1109.47
1040.25
1043.7
1053.48
1057.99
1029.44
1015.69
990.52
1007.42
1015.64
1017.74
1019.55
1019.17
1007.63
1002.3
1002.22
992.36
1009.31
1054.41
1127.59
1140.43
1131.67
1150.69
1217.09
1151.57
1165.08
1157.21
1215.01
1175.75
1221.07
1226.43
1268.48
1235.52
1235.12
1243.53
1219.51
1234.33
1210.15
1212.68
1241.67
1258.03
1255.16
1310.91
1340.77
1322.43
1334.71
1318.79
1302.94
1258.61
1286.35
1270.68
1259.79
1274.35
1267.77
1258.02
1237.85
1254.91
1292.41
1296.65
1268.6
1258.23
1222.2
1224.67
1213.19
1161.41
1170.24
1171.47
1213.87
1203.37
1193.29
1198.41
1198.83
1204.18
1202.03
1223.25
1298.53
1324.93
1334.73
1338.14
1390.19
1391.97
1379.62
1356.1
1377.56
1419.89
1434.15
1406.42
1396.83
1448.32
1435.15
1448.05
1483.61
1417.83
1419.05
1428.63
1454.33
1405.81
1383.54
1377.62
1362.63
1350.7
1382.44
1384.07
1365.09
1390.56
1371.75
1370.12
1348.91
1341.14
1362.84
1327.92
1338.03
1385.45
1372.48
1368.6
1356.05
1416.96
1401.59
1387.37
1386.72
1408.27
1400.85
1366.54
1339.19
1357.97
1365.21
1364.28
1337.34
1318.04
1326.02
1335.67
1361.45
1312.7
1327.78
1343.68
1338.01
1314.08
1308.71
1311.88
1329.18
1343.53
1351.77
1365.65
1354.75
1332.53
1349.85
1360.36
1338.83
1324.53
1303.09
1316.92
1309.87
1296.95
1309.59
1327.61
1329.82
1313.5
1307.62
1301.15
1296.69
1310.53
1294.65
1294.26
1296.99
1304.45
1304.12
1391.95
1381.73
1361.75
1378.82
1366.43
1379.47
1369.1
1383
1371.8
1375.54
1363.15
1382.5
1377.27
1381.35
1363.35
1358.55
1355.88
1359.72
1366.03
1348.72
1319.92
1321.78
1298.85
1287.16
1284.14
1308.46
1288.24
1209.34
1241.4
1251.02
1207.4
1215.29
1173.68
1201.25
1191.59
1214.05
1210.84
1219.54
1187.74
1188.07
1160.68
1153.87
1157.73
1187.53
1134.46
1098.94
1107.51
1083.78
1088.93
1044.02
1056.3
1071.02
1061.35
1078.27
1082.33
1070.13
1047.41
1073.37
1057.93
1059
1053.59
1061.91
1079.86
1087.85
1084.46
1091.64
1072.87
1134.99
1117.84
1132.56
1131.93
1151.13
1125.9
1114.25
1124.63
1099.02
1062.9
1056.85
1043.77
1063.11
1083.55
1095.98
1103.83
1069.5
1064.84
1106.74
1080.15
1073.51
1082.55
1097.17
1072.73
1051.63
1077.52
1067.63
1049.4
1043.29
1055.05
1041.97
1053.01
1042.64
1044.86
1044.04
1057.16
1074.75
1088.52
1107.36
1117.9
1115.97
1112.88
1132.7
1145.07
1154.46
1151.63
1142.96
1149.58
1179.83
1175.24
1174.19
1195.44
1187.86
1172.64
1144.77
1134.59
1138.73
1140.74
1143.98
1156.29
1140.35
1147.97
1160.03
1168.77
1211.46
1208.88
1232.25
1221.16
1237.44
1234.71
1219
1248.11
1244.98
1234.86
1239.14
1216.63
1206.5
1194.67
1194.19
1195.82
1198.78
1208.05
1193.3
1162.94
1156.67
1154.92
1168.95
1179.29
1174.81
1171.99
1199.12
1225.6
1224.44
1213.99
1208.08
1209.01
1220.65
1240.08
1232.7
1223.65
1193.54
1191.6
1192.56
1169.29
1165.07
1171.48
1120.67
1116.34
1105.14
1128.88
1104.33
1122.26
1135.86
1109.2
1105.86
1084.56
1098.05
1118
1109.3
1098.76
1110.32
1128.73
1128.17
1114.66
1106.53
1117.52
1113.96
1102.36
1088.38
1083.83
1092.38
1095.37
1088.68
1064.91
1067.95
1070.01
1087.73
1110.61
1105.55
1108.64
1117.67
1097.1
1090.73
1100.23
1108.26
1117.89
1125.74
1112.73
1124.42
1119.83
1114.21
1099.47
1098.17
1102.34
1113.94
1130.78
1150.34
1160.11
1156.4
1156.55
1146.73
1138.94
1131.74
1127.69
1114.03
1114.91
1122.55
1123.11
1106
1104.15
1120.69
1109.48
1111.37
1134.77
1142.55
1139.52
1130.13
1131.96
1143.95
1142.73
1136.83
1173.03
1165.01
1159.83
1152.53
1151.66
1163.34
1168.85
1176.51
1172.73
1170.38
1174.65
1178.97
1194.94
1191.9
1195.07
1210.83
1212.78
1223.11
1213.67
1205.64
1212.18
1222.77
1210.74
1223.21
1227.32
1243.86
1240.69
1230.06
1231.11
1249.12
1255.34
1242.24
1242.96
1233.1
1245.03
1247.58
1282.9
1320.85
1295.72
1323.39
1333.57
1354.89
1383.32
1372.73
1346.77
1353.36
1379.23
1373.87
1356.82
1332.08
1331.33
1353.63
1384.6
1387.63
1376.67
1384.29
1377.85
1365.16
1360.71
1358.93
1408.13
1400.51
1426.18
1454.99
1440.58
1475.63
1476.76
1471.72
1472.58
1521.37
1552.98
1576.99
1626.73
1596.84
1614.07
1668.99
1735.28
1703.04
1660.81
1629.05
1607.65
1614.17
1551.94
1508.08
1561.54
1518.38
1514.84
1582.75
1533.71
1548.35
1534.32
1491.6
1519.61
1496.38
1521.15
1545.81
1498.46
1478.26
1499.9
1519.37
1533.36
1606.97
1601.8
1614.41
1634.86
1659.27
1622.4
1677
1686.68
1642.1
1613.21
1611.56
1556.85
1509.77
1537.43
1538.29
1520.98
1588.99
1568.08
1584.36
1596.48
1583.36
1560.42
1556.15
1586.88
1570.12
1592.32
1570.1
1559.67
1535.07
1506.65
1466.49
1467.73
1425.22
1459.4
1469.99
1430.42
1440.42
1459.11
1462.82
1510.74
1504.09
1504.95
1479.99
1476
1537.32
1529.68
1543.47
1571.46
1594.59
1563.61
1566.01
1551.22
1566.95
1561.31
1565.38
1581.84
1582.91
1573.34
1576.62
1623.49
1683.98
1673.34
1690.64
1669.56
1646.01
1681.65
1686.8
1650.23
1686.77
1663.68
1670.31
1674.57
1663.15
1679.56
1678.4
1686.04
1651.83
1596.84
1621.89
1637.72
1656.1
1626.06
1647.24
1640.96
1675.44
1720.16
1731.17
1729.02
1751.53
1720.98
1757.51
1746.65
1735.78
1710.69
1724.64
1700.28
1670.94
1687.37
1686.42
1762.11
1790.57
1769.69
1773.59
1764.66
1787.38
1801.26
1754.56
1741.5
1737.38
1755.82
1733.65
1761.28
1751.28
1724.74
1701.18
1718.08
1740.11
1731.01
1761.08
1751.61
1769.6
1771.94
1758.92
1779.3
1806.4
1813.28
1812.49
1807.43
1838.35
1852.47
1855.93
1850.86
1856.9
1847.2
1839.01
1835.67
1803.35
1786.28
1793.65
1787.57
1768.56
1758.59
1759.07
1773.71
1742
1728.31
1665.67
1663.31
1631.46
1657.71
1628.76
1601.19
1653.26
1662.3
1656.45
1671.78
1676.11
1657.97
1649.78
1681.42
1675.98
1695.59
1676.51
1687.66
1697.76
1692.91
1690.98
1699.93
1692.87
1662.51
1647.39
1645.9
1662.1
1649.62
1636.98
1648.68
1678.21
1686.07
1711.97
1704.26
1717.62
1719.68
1734.79
1723.4
1707.68
1692.37
1692.82
1692.4
1698.67
1708.4
1715.49
1705.75
1673.69
1669.38
1656.99
1684.67
1686.15
1709.03
1709.15
1699.69
1697.85
1698.3
1697.16
1676.28
1675.65
1667.3
1676.75
1684.75
1700.03
1695.38
1665.96
1662.19
1671.11
1645.68
1652.7
1651.69
1652.16
1677.63
1696.83
1693.18
1701.21
1703.79
1723.89
1705.96
1701.65
1712.14
1708.69
1725.21
1731.81
1738.83
1741.48
1752.1
1773.49
1768.67
1775.68
1785.87
1795.75
1785.6
1815.36
1809.67
1816.45
1821.61
1807.16
1795.92
1793.49
1770.97
1782.94
1801.88
1803.21
1798.93
1828.55
1849.05
1844.98
1861.79
1839.38
1816.49
1820.72
1780.76
1757.3
1762.87
1772.88
1770.32
1793.75
1790.8
1789.33
1781.59
1784.08
1785.32
1810.59
1788.15
1836.72
1852.91
1827.71
1818.41
1818.3
1803.54
1835.15
1851.32
1853.93
1817.46
1818.38
1831.14
1833.04
1813.93
1817.06
1796.4
1798.01
1827.44
1833.91
1825.66
1840.43
1873.57
1908.86
1890.88
1889.93
1896.7
1884.76
1874.41
1866.46
1875.58
1873.15
1890.85
1926.42
1930.69
1948.66
1941.46
1924.52
1907.36
1916.97
1921.94
1913.79
1946.76
1959.37
1962.85
1954.6
1929.02
1900.1
1902.39
1902.29
1896.21
1883.44
1898.56
1887.58
1898.87
1873.34
1835.06
1830.64
1833.79
1818.4
1837.97
1856.03
1863.22
1867.94
1877.68
1885.37
1917.3
1904.24
1911.03
1946.49
1963.05
1952.3
1947.42
1973.19
1968.14
1954.74
1976.36
2035.09
2035.06
2037.35
2081.75
2038.67
2065.11
2105.1
2128.33
2081.84
2057.87
2012.76
2044.75
2062.75
2055.08
2057.48
2085.9
2061.12
2029.37
2017.32
1991.62
1957.06
1965.1
1976.86
1935.69
1939.5
1979.38
1970.67
1969.88
1994.59
2005.55
1995.14
1983.31
1995.59
2017.19
1974.93
1994.09
1997.69
1969.26
1950.88
1922.01
1914.19
1914.11
1895.45
1931.64
1931.39
1932.39
1903.36
1871.28
1864.63
1866.61
1871.05
1880.51
1882.53
1876.17
1875.12
1816.74
1847.1
1835.83
1830.33
1824.48
1840.17
1881.35
1874.51
1884.57
1884.7
1875.11
1888
1918.87
1913.7
1903.2
1902.38
1933.91
1938.96
1976.09
1968.43
1969.42
1988.44
1980.78
2006.14
1978.97
2018.7
2009.47
2027.3
2036.03
2034.07
2079.13
2035.14
2025.76
2017.31
2036.08
2021.91
2042.79
2072.86
2089.52
2063.66
2066.42
2057.01
2089.81
2076.46
2105.34
2133.29
2125.57
2121.73
2109.58
2128.44
2151.25
2127.77
2121.01
2136.9
2155.7
2155.58
2187.23
2198.74
2237.15
2260.73
2220.81
2235.36
2243.89
2282.14
2273.37
2246.71
2225.2
2242.5
2241.88
2218.9
2199.1
2199.87
2211.12
2208.42
2201.93
2207.1
2228.35
2249.4
2288.98
2284.45
2332.77
2321.72
2306.81
2329.65
2322.56
2319
2356.68
2396.46
2369.29
2379.16
2438.72
2460.56
2542.76
2482.63
2470.96
2472.02
2445.74
2495.46
2531.69
2478.22
2502.37
2525.56
2571.8
2524.53
2464.64
2407.52
2431.81
2434.4
2454.37
2419.42
2321.35
2341.43
2364.77
2300.48
2333.29
2324.18
2322.77
2353.27
2373.5
2291.66
2283.72
2334.19
2381.51
2430.14
2455
2454.5
2448.72
2439.49
2459.71
2473.92
2463.5
2451.25
2461.27
2526.18
2510.52
2492.05
2456.44
2476.55
2481.92
2501.11
2496.19
2502.62
2529.32
2570.7
2584.63
2572.64
2549.82
2556.58
2570.05
2564.43
2572.68
2570.98
2606.59
2587.41
2602.05
2602.01
2647.79
2652.12
2640.68
2658.27
2702.49
2691.04
2683.6
2640.23
2703.19
2787.66
2831.74
2833
2887.52
2834.93
2829.32
2844.72
2791.2
2779.91
2831.47
2771.3
2828.37
2899.69
2865.54
2919.75
2944.21
2975.73
2940.6
2937.05
2918.12
2763.48
2847.9
2803.47
2779
2850.59
2815.92
2850.05
2829.28
2760.01
2793.97
2807.56
2813.92
2777.45
2878.52
2914.71
2900.61
2896.02
2903.81
2952.93
2889.23
2858.82
2888.22
2914.16
2889.23
2886.99
2834.74
2788.91
2775.6
2771.66
2745.68
2760.27
2789.61
2853.22
2835.95
2816.55
2780.23
2804.59
2858.26
2853.23
2873.01
2808.45
2853.74
2869.05
2862.56
2908.56
2930.92
2930.1
2940.02
2980.87
2983.37
2951.57
3005.5
3052.7
3127.82
3079.03
3108.12
3182.17
3222.37
3242.55
3273.06
3156.71
3185.56
3205.93
3287.47
3330.28
3307.08
3283.91
3286.01
3309.82
3255.96
3130.99
3179.92
3021.56
3077.13
2997.61
2852.3
2876.47
2789.96
2901.63
2916.87
2838.55
2761.72
2844.03
2884.59
2902.43
2886.98
2873.39
2776.76
2798.91
2712.74
2524.5
2554.72
2658.22
2591.92
2590.58
2626.12
2681.96
2611.4
2614.7
2682.45
2750.57
2858.78
2924.64
2901.84
2899.24
2878.9
2845.32
2937.53
2939.87
3053.12
3053.26
3042.68
2863.66
2923.07
2866.2
2923.32
3001.93
3018.58
3013.6
3054.05
3058.63
3110.64
3176.8
3196.54
3209.76
3128.1
3099.03
3010.47
3008.88
3012.77
3019.82
3049.72
3033.62
2936.96
2976.87
2986.7
2933.98
2961.09
2995.41
2990.15
2966.74
2946.59
2888.41
2910.54
2972.82
3021.97
2964.32
2999.45
3086.05
3096.98
3044.22
3032.55
2963.27
2965.03
3025.14
3052.55
2991.31
3022.91
3030.1
2990.04
2954.43
2910.06
2936.11
2957.84
2963.22
2925.86
2960.47
2940.01
2913.7
2903.41
2980.41
2992.16
2986.33
3050.03
3107.2
3090.59
3167.99
3180.3
3173.44
3139.57
3180.33
3229.45
3173.26
3157.19
3158.22
3217.29
3190.16
3115.35
3113.57
3091.62
3104.07
3139.72
3212.72
3239.3
3265.3
3225.49
3186.59
3202.85
3199.68
3121.58
3129.53
3109.83
3143.86
3189.88
3208.8
3210.42
3202.54
3147.41
3189.54
3252.93
3248.74
3250.4
3314.7
3399.3
3385.61
3382.85
3404.23
3391.41
3361.1
3382.39
3411.57
3412.06
3396.72
3363.37
3295.61
3313.93
3294.47
3333.06
3303.93
3288.38
3337.32
3286.27
3260.11
3172.24
3219.45
3177.78
3201.28
3240.51
3285.32
3310.09
3328.52
3371.22
3418.15
3488.02
3412.31
3465.99
3441.12
3360.1
3416.25
3423.61
3439.94
3519.97
3550.49
3526.33
3535.03
3522.05
3475.39
3411.63
3383.92
3361.01
3450.21
3444.38
3394.61
3392.83
3442.41
3427.18
3478.6
3497.3
3538.51
3428.7
3250.87
3273.07
3239.05
3151.86
3215.48
3215.32
3231.1
3277.05
3307.64
3273.75
3153.4
3267.49
3285.02
3336.56
3369.4
3364.91
3464.44
3465.63
3515.9
3513.73
3468.19
3451.7
3534.51
3489.63
3504.28
3548.57
3540.27
3554.3
3562.15
3595.51
3614.85
3652.78
3616.49
3640.62
3573.88
3615.78
3668.98
3652.43
3593.39
3616.35
3569.24
3568.7
3618.59
3643.35
3692.37
3686.04
3621.08
3610.43
3522
3589.94
3566
3508.16
3518.8
3490.02
3529.65
3615.12
3596.04
3530.11
3563.4
3575.48
3600.75
3571.65
3636.86
3663.98
3726.73
3780.36
3754.72
3628.08
3681.47
3675.23
3638.18
3723.6
3765.82
3816.63
3808.26
3805.22
3705.56
3699.96
3725.16
3723.66
3757.32
3760.36
3785.71
3752.86
3777.97
3826.18
3838.26
3839.25
3896.04
3860.31
3807.63
3837.87
3878.33
3858.26
3805.99
3800.24
3806.88
3863.99
3823.54
3868.9
3807.61
3833.43
3677.44
3713.9
3714.31
3656.39
3703.25
3696.46
3572.95
3629.69
3633.12
3634.21
3466.08
3488.52
3531.49
3394.43
3310.4
3423.66
3384.71
3409.1
3580.18
3514.53
3626.68
3544.37
3465.77
3603.52
3559.06
3601.74
3605.76
3642.04
3592.99
3550.28
3463.83
3459.53
3492.2
3552.51
3651.27
3602.39
3604.33
3770.17
3794.33
3804.6
3780.49
3710.2
3701.38
3739.46
3684.39
3635.66
3704.56
3744.38
3707.75
3728.83
3762.19
3738.49
3879.09
3862.13
3868.43
3901.24
3862.62
3830.07
3851.45
3766.25
3760.51
3828.33
3884.85
3900.79
3867.93
3935.47
3913.94
3865.19
3820.77
3787.22
3806.67
3816.1
3642.5
3702.22
3569.76
3577.12
3648.69
3575.39
3500.85
3534.87
3515.97
3499
3527.21
3583.48
3594.21
3499.56
3478.25
3580.55
3565.61
3563.62
3515.26
3582.83
3672.75
3678.89
3684.13
3724.69
3633.72
3682.57
3645.55
3512.83
3477.69
3438.08
3418.73
3491.81
3494.8
3504.62
3453.34
3409.74
3451.54
3378.25
3362.21
3345.48
3317.25
3232.42
3209.48
3159.33
2904.9
3000.58
2936.09
2897.77
2670.22
2927.92
2932.02
2989.67
2918.37
2932.67
2998.35
2991.22
2998.75
3097.39
3057.73
2902.74
2944.4
2943.77
2902.12
2994.85
3049.64
3145.97
3095.81
3064.77
3130.11
3072.73
3128.68
3073.6
3094.88
3084.18
3033.69
3031.1
2993.86
2867.39
2894.71
2837.79
2887.18
2823.02
2823.27
2859.67
2981.03
2897.05
2880.39
2790.34
2759.58
2874.75
2850.94
2934.87
2932.23
2976.39
2961.98
2944.9
2969.11
3058.87
3009.66
2990.2
3055.79
3034.42
2991.9
3010.19
3018.69
2883.14
2882.94
2917.39
2942.87
2920.54
2966.68
2943.04
2891.48
2857.64
2902.05
2926.67
2928.94
2876.85
2969.96
2997.65
3000.04
3006.52
3006.4
3028.47
3032.93
3055.12
3029.09
3039.05
3019.02
2996.43
2941.15
2924.49
2904.26
2932.44
2924.49
2953.85
2922.09
2909.89
2877.54
2907.99
2872.91
2930.48
2832.64
2765.56
2746.28
2668.77
2693.85
2755.82
2714.91
2691.05
2625.24
2727.26
2706.46
2665.28
2656.27
2643.5
2603.05
2621.66
2591.96
2555.28
2531.43
2545.66
2537.62
2497.13
2575.55
2553.48
2579.52
2538.72
2482.48
2436.64
2471.88
2489.68
2493.49
2561.55
2601.71
2627.69
2570.39
2611.84
2611.86
2678.5
2742.19
2729.13
2689.26
2677.95
2746.61
2662.1
2630.13
2641.51
2629.2
2657.55
2651.37
2616.99
2589.8
2553.39
2542.04
2570.4
2596.48
2550.43
2551.96
2497.02
2580.71
2559.18
2587
2634.83
2634.49
2562.47
2563.6
2547.56
2522.72
2476.74
2480.86
2413.2
2323.88
2328.01
2229.76
2379.59
2446.11
2399.13
2381.61
2368.69
2410.14
2447.39
2265.6
2382.56
2434.23
2354.08
2273.34
2268.04
2096.73
2193.41
2033.47
2061.5
2130.89
2073.3
1855.19
1964.51
1822.37
1813.34
1779.31
1686.86
1561.38
1493.37
1631.87
1697.06
1808.84
1754.33
1819.75
1819.98
1881.6
1792.54
1793.97
1852.17
1816
1668.14
1743.77
1694.4
1654.64
1634.68
1555.75
1579.36
1614.83
1730.96
1736.45
1779.69
1768.64
1724.82
1649.51
1745.52
1712.05
1748.56
1807
1802.8
1851.24
1836.16
1768.89
1788.06
1818.54
1868.33
1793.39
1776.38
1788.42
1738.08
1753.49
1788.65
1808.19
1851.42
1884.87
1910.46
1854.83
1871.42
1812.07
1766.62
1784.18
1696.77
1721.24
1719.43
1632.31
1604.8
1704.99
1605.9
1583.99
1662.78
1639.24
1640.84
1594.8
1574.51
1540.54
1473.47
1464.47
1518.28
1548.37
1565.9
1535.52
1535.53
1509
1482.81
1411.83
1350.56
1361.59
1371.32
1428.15
1324.74
1396.34
1343.41
1377.24
1346.52
1373.86
1425.1
1466
1420.16
1477.48
1453.14
1507.22
1478.73
1534.9
1504.67
1512.34
1489.07
1467.31
1483.3
1526.93
1585.57
1546.55
1633.1
1621.33
1537.78
1537.63
1534.18
1574.15
1614.87
1698.32
1677.52
1631.22
1762.27
1752.32
1765.13
1801.16
1765.48
1705.96
1654.76
1664.02
1700.43
1714.18
1738.83
1702.27
1706.79
1776.1
1830.85
1865.17
1837.52
1884.55
1864.52
1849.56
1844.36
1880.29
1787.2
1833.08
1806.88
1879.9
1883.46
1853.44
1833.94
1828.21
1805.33
1835.44
1840.82
1833.86
1849.59
1909.06
1979.02
1954.13
1995.47
1948.83
1931.47
2007.42
1996.87
2029.58
1974.14
1989.93
1927.5
1917.82
1954.57
1824.42
1848.87
1883.05
1873.78
1842.59
1899.57
1868.78
1887.99
1844.39
1809.5
1824.07
1791.95
1826.49
1812.66
1773.75
1796.47
1888.32
1904.33
1910.63
1928.63
1995.68
2015.03
2017.3
2062.51
2123.48
2082.2
2016.26
2071.7
2147.96
2141.05
2139.66
2120.23
2084.6
2065.56
2130.39
2132.78
2061.65
2121.45
2137.55
2055.26
2056.98
2037.38
2115.09
2139.95
2254.75
2257.58
2291.12
2256.07
2266.57
2221.88
2234.3
2162.03
2137.97
2142.23
2165.16
2222.5
2191.32
2252.6
2203.09
2118.75
2119.9
2124.21
2182.74
2145.57
2156.29
2149.15
2258.01
2253.09
2254.2
2254.16
2259.06
2215.15
2211.39
2188.33
2160.11
2184.83
2235.48
2216.02
2204.01
2225.21
2233.73
2236.01
2320.53
2278.19
2289.91
2356.42
2344.16
2353.17
2397.98
2398.09
2355.75
2321.75
2265.12
2293.86
2244.13
2248.88
2221.8
2222.46
2296.61
2312.41
2353.77
2346.69
2371.37
2408.64
2427.86
2436.42
2360.44
2340.53
2378.87
2400.97
2388.64
2370.01
2236.63
2345.84
2371.69
2392.4
2407.35
2386.77
2430.49
2420.54
2367.76
2328.72
2340.64
2370.52
2340.78
2353.59
2345
2330.77
2322.34
2360.19
2372.13
2402.91
2406.64
2411.17
2402.01
2403.01
2460.63
2465.92
2434.32
2464.47
2465.27
2463.97
2432.02
2476.23
2451.05
2441.74
2461.86
2483.26
2484.11
2436.77
2409.93
2388.1
2385.21
2398.41
2360.59
2364.11
2385.43
2397.45
2372.43
2257.82
2220.85
2216.13
2218.76
2238.28
2203.96
2230.44
2277.15
2288.94
2271.4
2226.99
2282.03
2273.75
2233.18
2235.96
2216.08
2280.01
2289.88
2356.08
2346.02
2366.51
2402.38
2400.17
2391.37
2408.98
2415.27
2416.21
2401.43
2471.03
2459.62
2446.12
2446.1
2450.72
2471.27
2462.58
2497.86
2502.2
2505.98
2494.3
2510.84
2565.41
2569.5
2536.41
2545.83
2547.91
2569.77
2589.3
2617.35
2583.21
2542.55
2550.99
2595.68
2548.72
2502.77
2550.09
2566.04
2502.79
2500.45
2567.59
2566.41
2446.51
2401.89
2336.66
2415.37
2439.04
2446.33
2490.12
2442.34
2369.89
2434.54
2400.52
2367.53
2305.3
2332.61
2271.43
2303.22
2369.32
2404.71
2414.56
2414.66
2387.36
2417.86
2323.61
2351.53
2344.53
2339.16
2390.07
2392.82
2368.03
2411.53
2382.11
2359.67
2393.65
2382.81
2359.48
2339.98
2335.65
2341.31
2317.92
2283.29
2250.29
2285.11
2303.05
2299.19
2317.11
2344.63
2333.49
2332.96
2364.48
2397.92
2388.86
2390.54
2366.68
2388.54
2382.6
2399.82
2460.55
2479.67
2500.02
2496.1
2493.16
2479.38
2489.87
2540.13
2537.58
2549.67
2551.59
2552.41
2523.1
2475.32
2449.17
2490.01
2465.03
2478.75
2496.82
2492.9
2441.39
2442.5
2450.39
2413.27
2403.59
2398.51
2438.22
2377.95
2423.47
2457.99
2465.65
2472.01
2478.1
2477.08
2526.61
2532.47
2565.86
2554.03
2551.78
2547.86
2561.27
2537.85
2553.99
2586.08
2593.84
2563.12
2612.52
2584.37
2590.02
2578.75
2603.3
2608.61
2619.02
2673.02
2658.63
2637.24
2622.79
2609.46
2648.48
2698.97
2682.82
2652.99
2661.12
2603.38
2629.2
2637.78
2660.72
2632.94
2624.24
2648.59
2640.51
2661.22
2683.11
2686.57
2726.41
2738.35
2729.28
2748.48
2684.97
2733.86
2713.35
2665.77
2700.4
2696.74
2658.4
2637.21
2649.96
2664.75
2647.83
2640.96
2624.94
2639.21
2682.01
2693.39
2716.54
2745.2
2749.11
2770.55
2762.19
2775.29
2766.03
2763.39
2774.01
2761.23
2757.99
2753.96
2775.85
2774.14
2771.4
2754.84
2768.44
2773.8
2763.43
2754.67
2781.55
2738.58
2706.6
2674.3
2665.17
2673.64
2726.3
2708.76
2701.75
2737.33
2801.03
2738.36
2725.7
2736.95
2742.72
2703.44
2707.18
2707.11
2685.71
2726.66
2749.19
2735.81
2752.43
2751.39
2751.97
2737.39
2734.33
2702.36
2741.99
2707.06
2712.66
2700.42
2651.41
2670.24
2638.72
2655.03
2644.9
2672.69
2676.19
2720.05
2679.41
2720.23
2777.6
2785.23
2811.89
2799.99
2766.35
2733.41
2743.35
2711.64
2746.51
2727.62
2765.87
2788.71
2786.41
2759.64
2766.38
2786.86
2806.83
2820.38
2832.02
2814.51
2826.61
2874.01
2883.84
2894.7
2922.09
2940.75
2914.84
2892.28
2902.9
2911.88
2912.8
2918.45
2874.33
2907.65
2927.89
2905.06
2930.59
2925.18
2923.85
2919.05
2897.04
2874.36
2856.4
2874.5
2845.61
2868.9
2835.8
2836.67
2815.22
2840.75
2825.78
2826.64
2837.34
2800.66
2812.75
2808.66
2857.25
2863.94
2875.6
2887.68
2915.42
2882.05
2901.74
2883.5
2881.3
2885.31
2856.36
2872.86
2852.82
2863.91
2872.16
2853.1
2864.68
2851.4
2847.33
2834.77
2809.21
2792.76
2778.74
2798.39
2817.82
2803.19
2825.82
2816.42
2815.07
2777.69
2820.52
2782.77
2717.56
2742.58
2750.39
2739.18
2722.52
2686.8
2707.43
2702.91
2736.51
2722.54
2737.72
2716.63
2667.83
2697.87
2744.18
2695.17
2632.52
2586.89
2369.86
2410.38
2427.78
2351.69
2216.24
2287.18
2342.31
2354.77
2353.84
2206.02
2244.84
2294.25
2305.2
2331.19
2302.48
2313.3
2366.29
2399.03
2430.58
2393.17
2304.96
2286.06
2325.35
2369.02
2351.93
2198.89
2211.88
2173.53
2218.56
2300.72
2253.43
2237.56
2301.52
2226.05
2116.03
2055.2
2183.28
2162.9
2170.43
2197.94
2123.14
2123.58
2124.82
2159.96
2181.64
2212.23
2273.54
2268.11
2307.51
2287.45
2322.97
2254.16
2298.56
2261.97
2237.67
2330.17
2363.52
2343.09
2403.7
2420.16
2392.53
2318.35
2328.23
2413.69
2347.31
2383.22
2414.32
2288.31
2355.27
2314.51
2280.75
2309.11
2279.89
2229.68
2198.38
2163.11
2153.8
2146.82
2188.99
2205.15
2171.83
2279.01
2294
2279.03
2273.98
2260.03
2268.49
2179.91
2216.15
2177.2
2189.26
2189.37
2176.24
2115.41
2099.14
2155.12
2147.61
2154.72
2169.08
2156.3
2152
2163.27
2150.6
2203.07
2197.87
2181.38
2164.2
2140.68
2151.91
2133.78
2182.11
2153.32
2209.14
2225.97
2239.67
2243.23
2260.36
2266.41
2276.68
2265.61
2307.13
2299.47
2323.93
2335.04
2378.68
2368.73
2370.99
2390.97
2383.73
2388.62
2353.62
2345.79
2342.57
2351
2320.82
2348.96
2369.07
2365.77
2358.24
2313.12
2316.1
2314.36
2322.87
2339.3
2297.7
2316.97
2307.69
2280.96
2245.63
2268.27
2301.83
2288.12
2298.67
2322.79
2335.29
2341.49
2337.99
2324.33
2303.28
2296.61
2265.42
2281.72
2329.13
2313.54
2291.31
2287.98
2286.36
2307.94
2286.19
2267.42
2252.5
2228.34
2256.06
2275.67
2244.33
2251.57
2274.01
2252.42
2229.68
2212.52
2177.07
2183.27
2200.71
2203.29
2245.4
2249.14
2218.98
2179
2205.94
2177.73
2179.57
2173.41
2168.04
2140.8
2090.71
2115.79
2035.67
2080.16
2106.24
2082.64
2052.18
2048.71
2055.14
2058.69
2075.64
2070.15
2088.74
2065.45
2081.21
2058.41
2087.66
2167.34
2162.39
2215.92
2210.65
2207.35
2259.05
2223.9
2265.73
2246.58
2223.16
2230.55
2223.2
2253.63
2272.48
2272.27
2266.57
2261.42
2267.59
2268.93
2288.63
2263.46
2244.71
2240.95
2147.47
2167.91
2193.26
2188.67
2188.65
2192.34
2193.57
2140.94
2104.32
2102.84
2122.35
2149.1
2168.5
2184.13
2181.33
2185.29
2173.78
2226.56
2258.61
2257.87
2282.73
2307.49
2304.41
2325.25
2328.7
2344.85
2294.42
2297.6
2290.7
2291.25
2274.41
2281.74
2257.69
2259.6
2234.48
2235.03
2261.63
2264.13
2250.76
2267.91
2299.28
2318.43
2325.37
2357.48
2345.1
2408.81
2408.57
2397.82
2410.46
2398.78
2391.39
2375.26
