0
0
0
0
0
0
0
0
0
0
0
0
0
-0.00659102
2.07255
4.82804
8.23138
10.3985
12.7281
13.2821
11.6513
12.0217
12.4162
8.9153
8.3251
2.31503
-4.49769
-14.3996
-24.2146
-28.8412
-32.818
-39.5831
-44.9314
-50.1872
-53.6678
-50.5698
-48.34
-43.5339
-41.7397
-41.0542
-38.364
-36.2764
-36.0638
-37.9525
-41.6026
-43.2333
-40.2155
-38.9208
-41.6243
-41.4448
-36.7408
-33.7192
-27.9609
-27.5379
-25.9773
-25.6112
-28.6164
-29.2167
-31.006
-32.7589
-29.1055
-22.6283
-17.1623
-14.4911
-10.435
-8.32258
-5.25924
-3.88427
-4.13689
-7.15567
-10.1105
-12.4129
-15.195
-15.9719
-20.7083
-26.7252
-28.6744
-28.095
-24.3461
-21.1587
-14.8599
-12.9446
-11.4981
-9.22232
-6.61902
-3.36073
1.07997
3.53711
9.65733
14.4353
15.0382
15.0623
7.77019
3.58265
1.32947
-7.73267
-14.4212
-18.2876
-20.5965
-25.4888
-29.9338
-36.3499
-39.1815
-39.457
-38.8022
-36.368
-34.2155
-33.0089
-31.3628
-29.6281
-28.8399
-25.8733
-17.7857
-3.05803
9.8349
18.7145
27.2976
40.4025
42.7746
44.9159
45.3899
51.4674
50.5133
54.0468
56.3012
61.0184
58.7206
55.5513
52.88
47.114
42.5065
36.4485
31.189
29.7088
28.6837
27.3266
30.8684
35.6815
35.9136
37.3054
36.4388
33.3317
25.8263
22.5582
18.8979
14.0293
11.2938
7.90764
4.60944
-1.34101
-4.17329
-2.07904
0.0513563
-1.51549
-3.67031
-8.46047
-12.3117
-15.9724
-24.1293
-29.1915
-32.1258
-29.0328
-27.1153
-26.0277
-24.4143
-22.8987
-20.2338
-18.0144
-13.3079
-1.84272
10.0793
20.6179
28.4758
39.7177
47.1722
50.8309
50.2838
51.5062
56.5445
61.0384
60.3676
57.5561
58.6413
56.6258
55.1811
56.2833
48.213
41.1614
36.4637
35.0737
27.6116
18.3188
9.86393
1.83419
-5.71492
-8.77466
-10.2257
-13.3408
-13.3562
-14.4039
-14.7957
-17.2858
-20.2452
-19.4447
-21.8281
-21.7198
-15.81
-12.4964
-10.7007
-10.0411
-2.61398
1.21666
3.26163
4.27124
7.66227
9.59997
7.29747
2.7381
1.04443
-0.146163
-1.09542
-4.74128
-9.01219
-12.0418
-13.0783
-10.4941
-13.7534
-14.7066
-13.6241
-12.8515
-14.0682
-15.8989
-16.7405
-14.839
-11.3355
-7.35386
-2.93226
-0.262891
-1.01283
0.943571
3.40867
2.96982
1.19354
-2.31399
-3.52663
-4.96293
-7.45436
-8.00721
-6.69958
-5.7752
-6.56826
-7.31235
-8.4459
-10.2167
-9.51529
-10.1927
-10.2902
-10.2826
-9.27265
-8.19524
2.122
8.62756
11.3068
15.3694
16.9153
19.1587
19.6983
21.2529
20.9891
20.7886
18.7769
19.0532
18.3416
16.5536
13.1535
10.2349
7.32136
5.38642
4.19522
1.36133
-4.21693
-7.97631
-13.4209
-18.4936
-22.6954
-22.8751
-24.9869
-33.6378
-36.1268
-36.4917
-40.7233
-42.5636
-47.3189
-46.7956
-46.4993
-42.7969
-39.3545
-35.1405
-34.8538
-33.6591
-33.8104
-34.4717
-33.9824
-29.0945
-30.4757
-33.915
-35.2854
-38.1666
-39.2574
-44.2221
-45.9963
-44.4523
-43.223
-39.379
-35.8591
-33.611
-34.006
-30.4919
-28.3068
-26.4296
-24.4676
-21.6934
-16.3205
-11.1216
-7.29263
-3.45
-2.55503
4.66823
8.42192
13.1793
16.5482
20.7815
20.6991
19.2812
18.7577
15.1458
7.81382
1.63809
-4.43016
-6.6953
-6.87153
-5.35845
-3.67892
-6.3252
-8.8662
-6.03846
-6.5907
-7.89659
-7.44351
-4.79538
-5.17129
-7.43237
-6.40634
-7.02888
-8.94766
-11.097
-10.6045
-11.3
-10.7767
-11.0816
-10.8272
-10.5132
-9.08091
-5.95244
-1.80951
2.83971
7.67491
11.4168
13.9639
17.7515
21.5724
24.9246
27.2911
27.5159
27.9475
30.9856
32.1901
32.0699
33.2383
32.7714
30.1437
24.5082
18.3516
13.6707
9.75385
6.96982
5.95142
3.14112
1.17537
0.942427
1.67442
6.41817
9.71487
14.7221
17.3498
20.8413
22.9071
22.4739
24.9371
25.8496
25.1707
24.655
21.5654
17.6767
12.5915
8.71223
5.41571
3.13313
1.79181
-1.01868
-6.24594
-11.2678
-15.1282
-16.1755
-15.9334
-15.737
-15.4959
-11.9972
-5.99754
-1.5539
0.880526
1.87914
3.09167
5.68307
9.6608
12.0854
12.6518
9.5316
7.02924
5.07564
0.622275
-3.6547
-6.14306
-13.2122
-18.6699
-23.5945
-24.6723
-28.3105
-28.7304
-27.1297
-27.8808
-28.2674
-30.4529
-29.8741
-26.5117
-24.2837
-22.5292
-19.4917
-14.6778
-11.0718
-9.03832
-8.12784
-6.20556
-4.57277
-4.55867
-5.53409
-6.67888
-6.86751
-6.4021
-6.35772
-9.28707
-11.296
-12.5085
-10.9343
-7.21958
-4.85523
-2.4805
0.265167
0.303787
-0.461889
-0.0155427
1.32863
3.3965
6.00584
6.58141
8.35924
8.89433
8.16079
5.91638
4.06582
2.91632
3.43843
5.54103
8.9269
12.2982
14.0936
15.0198
14.3329
12.5339
10.2091
8.03402
5.1958
3.05999
2.19635
1.49108
-1.32549
-4.01049
-4.33395
-5.66365
-6.34808
-4.09575
-1.54858
0.234705
0.568707
1.1371
2.66854
3.48693
3.40001
7.46665
9.72372
10.6846
10.7553
10.5597
11.2249
11.9676
13.1342
13.4638
13.1794
12.8995
12.9205
14.5443
14.6556
14.724
16.1851
17.3954
18.9765
18.6189
17.2447
16.542
16.8523
15.4162
15.3078
15.3931
16.6718
16.925
15.907
14.6613
15.2682
15.8388
14.6277
13.6843
11.5857
10.9456
10.6238
13.7135
19.7522
20.9847
24.6202
28.0872
32.4585
38.0724
40.4012
38.941
37.7897
39.0932
38.6941
35.9441
29.9808
24.394
22.4457
23.5687
24.048
22.2907
20.8313
18.8031
15.8663
12.5641
9.14427
11.4572
12.316
15.6924
21.2306
23.4341
27.7088
30.6582
31.9886
32.5807
38.0273
44.9652
51.8279
61.4986
64.0639
66.8096
73.0776
82.9137
85.5018
81.0643
73.1148
63.6399
55.9439
41.8115
25.1096
17.144
5.17203
-4.27295
-4.21112
-10.544
-14.6939
-18.7912
-26.0232
-27.5893
-30.7311
-30.306
-26.1949
-26.8184
-29.5031
-27.9012
-23.5792
-19.5617
-7.46494
1.59891
10.7492
20.279
29.2459
31.8312
38.7463
44.1888
43.0164
38.312
34.2038
24.1237
10.8964
3.29389
-2.77445
-9.27731
-7.25861
-8.76929
-7.47908
-6.26645
-6.83563
-8.96554
-11.0422
-9.49202
-9.19813
-5.71209
-5.67679
-6.02691
-8.52434
-14.0508
-21.7139
-26.8686
-35.2296
-36.5155
-35.169
-37.9638
-38.9459
-36.7685
-34.9014
-27.9785
-22.7304
-18.001
-16.5764
-14.4296
-6.06159
0.40963
6.58277
14.036
22.4074
25.019
27.0261
26.5113
27.0701
26.4896
26.0729
27.3281
27.8177
25.488
23.6949
26.2776
33.9737
37.6468
41.531
41.3592
38.2289
38.7225
39.3717
35.1023
34.9008
31.334
28.7817
27.2063
23.5337
21.2534
19.2832
18.1265
13.1879
3.594
-1.76693
-4.20139
-3.71117
-7.14335
-7.04512
-7.75644
-4.77949
2.33173
8.85138
13.8619
19.6081
20.9828
26.2402
28.107
28.0205
24.6704
23.3926
19.512
13.0836
9.39642
5.76127
10.7034
17.3608
19.4334
21.5057
20.8596
21.9523
24.0526
20.5737
16.0824
11.9702
11.1469
7.61178
8.0257
6.4187
1.90627
-3.81925
-6.14363
-5.61522
-6.15385
-3.57918
-2.09962
0.889089
3.49839
3.48359
5.54701
9.53806
13.1227
16.4962
18.8784
23.3543
27.6324
30.8628
32.0713
33.4225
32.244
29.7872
27.2077
21.2163
13.9199
9.06011
4.45973
-1.36691
-7.58675
-12.3424
-14.199
-18.9433
-23.6508
-33.5853
-40.6021
-48.6476
-50.8423
-54.4049
-59.0173
-55.7854
-51.1894
-47.3798
-41.7606
-36.3552
-33.0163
-30.5063
-23.5768
-18.3379
-11.3413
-8.03997
-3.83825
0.963401
3.62548
5.4007
7.71884
8.44942
5.71103
2.50045
-0.0879805
-0.730109
-2.95639
-6.24845
-7.4321
-5.03516
-2.78222
1.42075
4.09031
7.35172
9.89261
13.7817
15.5266
14.7922
12.0633
10.3221
8.97836
8.55772
8.60256
9.24048
8.25263
4.00806
0.0805243
-4.16532
-4.62668
-4.91356
-2.61178
-0.725051
-0.248055
-0.249787
-0.485173
-0.912968
-3.37337
-5.07094
-6.47715
-6.37285
-4.98641
-2.52975
-0.968448
-3.28261
-5.48083
-6.08643
-9.13698
-10.5403
-11.4605
-11.5151
-8.52284
-3.99879
-1.31418
1.41325
3.34854
7.15639
8.40754
9.04862
10.451
11.3067
13.4903
15.6988
17.9008
19.0454
20.4436
23.3917
24.6395
25.9281
27.3907
29.2891
28.9249
31.1153
31.6946
31.7956
31.7446
29.4041
25.7927
22.3426
16.7354
13.4559
12.6527
11.7412
10.3233
12.1241
14.8632
16.2415
18.5221
17.446
14.0324
11.8051
5.63546
-1.254
-5.82281
-8.43164
-10.5403
-9.34159
-8.97319
-9.1494
-9.71255
-10.0411
-9.66819
-6.17648
-6.0413
-0.195049
6.24948
8.03314
8.211
8.42089
6.58047
8.4903
11.8216
14.7736
12.8846
11.5996
11.3635
11.3703
8.52945
5.97668
1.80034
-1.11373
-0.134137
1.40296
1.348
2.5383
6.78954
13.9946
17.1911
18.974
20.8629
20.6965
19.4927
17.9063
17.2236
15.6944
16.0712
19.8439
22.8416
26.3002
27.1865
25.4525
21.8215
19.688
18.3937
16.1416
17.7537
19.601
20.9466
20.616
16.7369
10.1841
5.06475
1.38336
-1.57502
-5.07586
-6.18426
-8.14608
-8.31661
-11.6673
-18.4504
-23.8146
-27.149
-30.4445
-29.6424
-26.591
-22.8943
-19.1531
-14.8995
-10.9657
-4.16162
-0.457649
3.39138
10.9403
18.5448
22.9845
25.7704
29.8842
31.554
30.8509
32.1303
38.7023
42.7961
45.0943
50.8994
49.8065
50.2402
53.3186
57.1584
54.0438
47.5655
37.1222
32.2558
29.5833
25.276
21.7174
21.5174
17.7778
11.5412
4.84821
-3.48784
-13.7931
-20.1076
-23.1679
-28.7834
-32.7193
-31.4035
-30.7112
-29.3976
-25.7414
-21.1004
-17.5456
-16.0014
-12.6184
-6.58094
-6.13405
-3.99468
-1.40209
-2.77311
-5.8952
-10.8216
-15.0842
-18.2397
-22.0822
-20.6704
-19.3134
