0
0
0
0
0
0
0
0
0
0
0
0
0
-0.00174608
0.547748
1.68985
3.44803
5.34078
7.37749
9.05179
9.87548
10.5914
11.2328
10.7865
10.2645
8.23961
4.86539
-0.320821
-6.84541
-12.9728
-18.5975
-24.6138
-30.5487
-36.34
-41.5968
-44.629
-46.2108
-45.9762
-45.1786
-44.3297
-42.921
-41.2105
-39.7915
-39.1493
-39.5826
-40.3858
-40.222
-39.8279
-40.2753
-40.5735
-39.5911
-38.085
-35.4331
-33.3039
-31.2391
-29.5693
-29.158
-29.0279
-29.364
-30.0832
-29.7248
-27.7852
-24.9684
-22.1544
-18.9927
-16.0673
-13.0168
-10.3557
-8.40018
-7.7071
-8.02457
-8.96927
-10.4964
-11.8873
-14.2458
-17.6402
-20.7481
-22.946
-23.5975
-23.1967
-21.1834
-19.1316
-17.1681
-15.081
-12.7553
-10.0581
-6.82968
-3.76608
0.0970555
4.21261
7.36505
9.70718
9.51039
8.21948
6.61556
2.96328
-1.6141
-6.10808
-10.1815
-14.6039
-19.1073
-24.1849
-28.6345
-31.9822
-34.2859
-35.2337
-35.2744
-34.9277
-34.1971
-33.1166
-32.0311
-30.3354
-26.8787
-20.3805
-12.1011
-3.57545
5.06051
14.9912
23.0431
29.6233
34.6724
40.025
43.666
47.1131
50.1033
53.4632
55.2463
55.5486
55.0322
53.0854
50.3977
46.6863
42.5237
38.9569
35.9766
33.3115
32.2852
32.8378
33.3537
34.1953
34.6656
34.2857
32.0908
29.601
26.7792
23.3934
20.0765
16.6199
13.1503
8.95091
5.06399
2.74996
1.69078
0.530073
-0.856708
-3.09316
-5.74995
-8.66183
-12.9574
-17.4314
-21.522
-23.8018
-25.0355
-25.6492
-25.65
-25.1775
-24.0598
-22.5789
-20.0997
-15.1275
-8.19613
-0.251895
7.75937
16.7298
25.4083
32.8639
38.2709
42.6169
47.1409
51.5533
54.5071
55.8205
56.9757
57.1404
56.7701
56.7297
54.5696
51.0633
47.1138
43.7164
39.2016
33.3955
26.7849
19.7298
12.4602
6.1809
1.20742
-3.24273
-6.51433
-9.22485
-11.2502
-13.2903
-15.4782
-16.7873
-18.2879
-19.339
-18.5401
-17.0166
-15.398
-13.9937
-10.967
-7.64506
-4.5677
-2.00416
0.852396
3.50653
4.799
4.51105
3.81962
2.97579
1.98064
0.211278
-2.2777
-4.9621
-7.30057
-8.39873
-10.0515
-11.4755
-12.2315
-12.576
-13.1426
-13.9981
-14.799
-14.8508
-13.9459
-12.2511
-9.75994
-7.1702
-5.44271
-3.64034
-1.61736
-0.189073
0.424129
-0.073545
-0.82032
-1.8203
-3.29628
-4.58955
-5.20189
-5.44545
-5.875
-6.38773
-7.04608
-7.95663
-8.43564
-8.95293
-9.32955
-9.60177
-9.55787
-9.25332
-6.27984
-2.31519
1.38498
5.2628
8.57023
11.6552
14.1134
16.3687
17.9753
19.111
19.2759
19.3758
19.2222
18.5727
17.1618
15.2969
13.1184
10.9487
9.00979
6.80785
3.70862
0.384148
-3.54097
-7.80199
-12.0601
-15.2578
-18.1721
-22.6207
-26.5988
-29.6367
-32.953
-35.8716
-39.2391
-41.5505
-43.1428
-43.3535
-42.5681
-40.7336
-39.2447
-37.806
-36.704
-36.0252
-35.3155
-33.4962
-32.502
-32.7228
-33.3027
-34.5638
-35.8029
-38.0653
-40.2298
-41.4344
-42.0194
-41.5127
-40.1796
-38.5329
-37.3821
-35.5451
-33.5721
-31.5211
-29.4365
-27.1612
-24.0497
-20.3961
-16.6941
-12.9331
-9.86938
-5.71044
-1.62942
2.66368
6.74669
10.889
13.8938
15.6943
16.8487
16.7004
14.6335
11.3394
7.20529
3.43364
0.507963
-1.34861
-2.29487
-3.68446
-5.392
-5.86965
-6.26481
-6.815
-7.01708
-6.43331
-6.09244
-6.45836
-6.48605
-6.63225
-7.21232
-8.25895
-8.90523
-9.55469
-9.90992
-10.2966
-10.5136
-10.5595
-10.2297
-9.14436
-7.20416
-4.48528
-1.17253
2.3137
5.59535
9.06454
12.6749
16.266
19.5649
22.0519
23.9697
26.1436
28.021
29.3413
30.6031
31.3692
31.1907
29.5139
26.5899
23.1536
19.5322
16.0333
13.1214
10.1948
7.46159
5.35696
4.01161
4.34337
5.5574
7.86425
10.3489
13.179
15.864
17.8049
19.9424
21.7908
22.9863
23.6755
23.3248
21.9568
19.5445
16.6555
13.5846
10.6832
8.11506
5.43079
2.04292
-1.82067
-5.69497
-8.82013
-11.024
-12.567
-13.6112
-13.4334
-11.6906
-9.16444
-6.54689
-4.24425
-2.13845
0.143024
2.9043
5.61465
7.79385
8.54946
8.36375
7.64062
5.88218
3.41541
0.888022
-2.91892
-7.27931
-11.8904
-15.6427
-19.3742
-22.2467
-23.9479
-25.3564
-26.4513
-27.8144
-28.5779
-28.1783
-27.2149
-26.0115
-24.25
-21.6473
-18.7639
-16.0514
-13.7701
-11.5172
-9.40363
-7.86488
-7.00247
-6.68511
-6.54238
-6.38385
-6.30699
-7.05572
-8.16306
-9.34346
-9.83606
-9.22164
-8.11991
-6.64742
-4.81287
-3.43366
-2.60276
-1.81764
-0.842733
0.454353
2.09495
3.42245
4.85379
6.03362
6.6832
6.57523
6.01542
5.28439
4.85437
5.05803
6.06883
7.71146
9.39255
10.8907
11.8434
12.1147
11.73
10.8823
9.48691
7.84317
6.33105
4.95983
3.15847
1.08233
-0.550221
-2.10006
-3.40907
-3.7617
-3.30903
-2.46525
-1.73104
-1.01929
-0.0377457
0.955273
1.68184
3.32392
5.16364
6.76437
7.94566
8.7532
9.53009
10.301
11.1655
11.8889
12.3574
12.574
12.7083
13.2249
13.6408
13.9737
14.6005
15.3802
16.3664
17.0065
17.1267
17.0348
17.0479
16.653
16.3264
16.1031
16.2525
16.4136
16.2412
15.7871
15.6279
15.6702
15.3764
14.9275
14.0365
13.1974
12.4638
12.7283
14.5417
16.2468
18.4796
21.0642
24.1788
28.0161
31.5422
33.8096
35.2099
36.5593
37.3756
37.2409
35.5059
32.6728
29.9667
28.1508
26.8811
25.4851
24.0687
22.4496
20.4632
18.1396
15.5799
14.3563
13.6951
14.0769
15.8233
17.743
20.3371
23.0942
25.5584
27.6126
30.6471
34.7266
39.5913
45.7515
50.9686
55.5759
60.6282
66.9791
72.4081
75.2955
75.2738
72.6439
68.5303
61.5569
51.8639
42.443
32.1122
21.7152
13.8953
6.41879
-0.169354
-6.05456
-12.2695
-17.1348
-21.367
-24.3096
-25.2489
-25.9776
-27.2363
-27.6615
-26.7734
-24.982
-20.3259
-14.4092
-7.50081
0.198796
8.28766
15.0485
21.9911
28.616
33.2096
35.3486
35.684
33.13
27.5738
21.2504
14.7665
8.14229
3.60574
-0.278071
-2.83164
-4.35539
-5.5877
-6.9258
-8.2822
-8.7754
-8.97691
-8.10752
-7.47624
-7.07299
-7.45143
-9.2174
-12.5635
-16.4068
-21.4734
-25.6371
-28.4075
-31.2777
-33.6911
-34.919
-35.3081
-33.6835
-30.9604
-27.5883
-24.557
-21.6957
-17.3529
-12.3398
-6.92994
-0.93052
5.75891
11.3646
16.0222
19.3086
21.9001
23.6579
24.7411
25.7894
26.6133
26.5028
25.82
25.9532
28.062
30.6243
33.5667
35.7367
36.5411
37.2564
37.9576
37.3872
36.9328
35.6085
33.8244
32.0141
29.6255
27.2325
24.9626
22.9463
20.1161
15.5155
10.6479
6.40542
3.39152
0.245361
-2.03345
-3.89698
-4.47659
-3.01014
-0.109456
3.53656
7.87332
11.5264
15.6517
19.2914
21.9968
23.1489
23.6302
22.8569
20.4767
17.64
14.4638
13.3703
14.2355
15.4056
16.8334
17.7831
18.8039
20.1838
20.393
19.4151
17.6465
16.0282
13.7787
12.1703
10.5073
8.07428
4.71642
1.55093
-0.631308
-2.34367
-2.88452
-2.88591
-2.04246
-0.724784
0.283521
1.65371
3.82407
6.43616
9.28104
12.0538
15.2807
18.8122
22.272
25.1481
27.6634
29.2068
29.654
29.2526
27.3139
23.8914
19.9704
15.747
10.9877
5.75245
0.545998
-3.8331
-8.33763
-12.9247
-18.9074
-25.1444
-31.8811
-37.4464
-42.4773
-47.3796
-50.1291
-50.946
-50.4787
-48.5693
-45.5571
-42.3088
-39.0875
-34.8031
-30.1487
-24.7356
-19.8494
-15.1402
-10.3931
-6.21137
-2.68541
0.523357
3.08603
4.17921
4.0704
3.19869
2.32554
1.01821
-0.906043
-2.70252
-3.44137
-3.43324
-2.3246
-0.74505
1.35152
3.63569
6.3887
8.94892
10.7236
11.3494
11.3217
10.9113
10.4294
10.04
9.86829
9.43991
7.93614
5.7418
2.98221
0.830995
-0.832437
-1.45018
-1.40738
-1.24959
-1.14122
-1.10756
-1.13233
-1.74412
-2.58933
-3.58889
-4.30665
-4.51202
-4.04337
-3.28539
-3.32994
-3.94219
-4.55543
-5.7868
-7.05676
-8.23203
-9.12951
-9.0306
-7.79457
-6.17963
-4.21135
-2.18966
0.344414
2.62193
4.52084
6.33026
7.91483
9.6371
11.4464
13.3467
15.0344
16.6417
18.5714
20.3306
21.9818
23.5868
25.2806
26.4219
27.8253
28.9984
29.8879
30.5207
30.3312
29.2138
27.4425
24.6068
21.5829
19.1076
16.9769
14.9947
13.9836
13.9516
14.3277
15.2678
15.7393
15.2723
14.3808
12.0898
8.55999
4.72342
1.12799
-2.16805
-4.3431
-5.91081
-7.11722
-8.12029
-8.9264
-9.34015
-8.62267
-7.98059
-5.91133
-2.62065
0.302005
2.53562
4.26906
5.08998
6.21652
7.93838
9.95971
10.9733
11.3058
11.3965
11.4398
10.7169
9.49541
7.50033
5.20354
3.69076
2.91934
2.3544
2.26519
3.32804
6.03382
8.95237
11.6517
14.2389
16.1786
17.3
17.6977
17.816
17.4819
17.2677
17.999
19.2939
21.1548
22.7571
23.5019
23.1165
22.286
21.3304
20.0398
19.4934
19.5167
19.8459
19.9536
18.9936
16.5634
13.4388
10.1518
6.92221
3.60616
0.801438
-1.84939
-3.90276
-6.32552
-9.88168
-13.8721
-17.6719
-21.3399
-23.8342
-24.8444
-24.6061
-23.4071
-21.3784
-18.7647
-14.9008
-10.9416
-6.90271
-1.82456
3.98666
9.47571
14.2754
18.9091
22.7634
25.4091
27.6308
30.9829
34.524
37.6761
41.4646
43.9502
45.8878
48.0951
50.7429
51.9141
51.0572
47.5499
43.5691
39.8413
35.8177
31.8736
28.856
25.5563
21.372
16.5071
10.7467
3.85217
-2.91894
-8.76814
-14.5784
-19.9258
-23.5847
-26.0897
-27.5274
-27.5373
-26.1908
-24.0855
-22.0032
-19.4996
-15.9387
-13.0909
-10.408
-7.71926
-6.08553
-5.74187
-6.85845
-8.87816
-11.2519
-14.1007
-15.9533
-16.9899
